3248 2341 2818 8306 8912 4144 1303 4038 8899 7365 4432 9140 7222 4161 8961 5026 3793 8932 7025 6697 1127 7022 3058 9709 263 9609 
81 4645 6058 3725 5863 4771 3937 2190 634 9202 5597 7269 1264 5927 6179 1229 6965 1086 7811 8382 2785 1922 8573 9998 348 
6897 2171 4064 7924 2350 9725 1566 1838 8549 7794 8983 2230 2239 3252 2078 257 7023 9346 6115 3687 9003 1513 3452 1538 2822 
6125 8889 4869 6214 912 3574 1545 1107 8909 2876 7419 935 3392 4981 2442 9591 3663 5506 4070 7536 5768 235 8484 8688 5252 
857 8256 462 2472 1897 2136 1207 3990 8680 292 9811 7854 826 4240 222 9922 4142 8762 322 6653 6257 8530 6556 7111 5377 
2413 4872 3401 6552 9953 5587 2688 7838 3785 673 6757 8692 7771 9581 9724 9052 1583 7777 7507 118 6937 7398 2480 7474 1677 
8000 7544 6575 7969 200 3828 1795 1898 2336 4894 1261 3625 994 8492 6533 6327 1524 537 1788 3207 1243 7040 2787 8461 7064 
5060 1174 8343 8063 2461 1796 3763 8707 4813 6825 7754 8534 1697 354 1801 9196 3894 4536 3523 3376 6565 2783 1300 8553 7150 
1311 7887 6383 117 375 1071 9214 5656 5932 5483 8949 3519 1853 2672 9618 2156 3367 1733 1572 1990 4198 7931 846 9371 8896 
936 87 913 1267 9875 116 6688 3666 2998 4558 7712 1299 2251 1623 5853 5920 9316 4974 5938 8463 2886 5353 6157 2380 3339 
4834 8826 3691 9722 2686 4800 6485 6389 8531 8491 195 6683 780 627 1704 5392 6499 4670 7294 2788 4416 3499 4182 1685 7442 
1379 8331 381 9200 714 8470 8320 2929 5942 3026 3140 3549 8223 4151 3053 6070 6110 214 8296 1935 9264 3755 3861 1064 9929 
154 5852 9415 4020 2092 3094 5433 3786 8050 1197 1835 1766 6953 2888 1599 9522 4106 9525 8880 4849 5162 5297 7812 5846 4698 
5735 8418 4477 1255 7399 4841 2804 9769 8055 4423 7295 4317 3202 1787 1629 5700 9742 4833 4517 157 3782 7975 2150 6704 9070 
4321 7460 2844 8916 8117 1725 6959 1622 1669 8269 5268 3829 4257 9826 5876 2334 2043 7701 748 9537 1765 4348 188 7201 7780 
5181 6950 2653 8440 9957 4073 8315 8433 2624 9272 2323 4731 9994 4663 9237 9361 4028 3670 1532 4018 4457 1741 2934 2960 8182 
8170 6135 4137 2870 7983 9434 3046 5329 1679 1 3485 1790 2933 1774 552 7116 4398 1134 7616 5650 7056 1291 3349 6942 1661 
4543 3086 3169 3077 6848 7062 1745 2252 877 5823 2792 4576 2427 5773 6352 1158 4207 5345 9855 3167 4815 578 8829 1514 7177 
3391 3598 9449 6600 310 5497 1046 4692 5357 1047 8881 4952 8521 4486 8990 6816 5006 3902 6083 623 1141 8644 9383 7663 7984 
5839 2248 8632 9705 8354 9141 1148 1205 1157 1150 9050 5971 4955 9372 1842 9969 2704 1054 1402 5577 582 9759 6997 3333 7035 
3572 5116 6893 4681 431 119 9151 5100 517 6301 6391 878 7791 5664 3934 1761 7506 8175 543 8396 509 8290 8931 4577 4361 
1756 9677 1650 5192 416 1274 3404 4365 5212 713 9583 1847 3428 9680 2013 4776 4756 941 9035 8681 7982 3936 3102 759 2852 
5204 9146 6596 976 560 591 4567 8928 180 8806 3966 854 8167 3650 6932 7652 4920 1166 3866 2991 9575 2509 259 5955 2459 
6492 4399 468 2249 1024 1772 5641 32 1873 7127 2731 5720 3707 9624 4973 5213 5586 5082 363 5163 1346 8480 2270 3830 5960 
8714 95 5614 5905 10 5834 2120 7952 4628 2955 1352 8467 2338 6211 6457 8253 954 4312 6019 8622 3935 8403 224 4874 3251 
2385 7355 1833 4302 5434 1185 5344 5136 5780 9009 4710 2835 1184 3603 4950 7183 7587 1098 8673 1322 1283 4609 6500 2979 1304 
1673 3977 7242 5532 444 6576 1862 1417 8258 4777 9397 8757 7254 9888 5043 1830 2250 6178 6361 3296 4620 4838 4634 3300 3579 
1945 962 3791 2008 7067 3306 2182 5957 3651 7966 4112 3501 6269 5644 1989 5869 5503 6288 3693 2114 9338 1439 8601 5031 4716 
926 8227 4550 6453 156 5209 4911 4256 2153 91 4734 1976 4278 8186 5248 7885 2923 4242 4571 3003 8695 1075 2525 1972 4117 
7505 1754 831 9020 1422 4695 2141 6134 7919 1051 2649 870 493 6203 1625 6460 67 8645 1663 3290 3114 3352 8173 3177 7788 
6268 429 4250 2634 8581 5477 5678 2999 7824 6224 1635 6924 7386 3219 1700 8666 1550 799 3592 5087 7188 7020 3473 7078 371 
5475 2065 2859 1920 2836 5131 2518 3027 1390 1643 1542 4686 3176 4675 3790 2547 1985 5364 1130 4624 9777 4762 1728 7655 9985 
3888 5264 6742 3820 3580 1342 7055 7674 398 1689 7756 9014 7595 9872 9979 5138 209 7855 4593 5418 4002 9172 6474 5157 8067 
9186 4854 3975 2736 5714 138 6640 4821 9900 7259 1526 3706 1826 9846 1250 440 1528 212 4328 283 5429 1066 554 3037 7829 
8127 2909 7872 8234 1326 2306 6208 1143 3783 2641 1279 5001 3080 785 9481 819 3453 880 6655 958 7141 2842 6896 8730 9438 
6821 8525 1934 1487 5774 9845 8074 8083 8755 5688 6442 2711 2772 9799 4954 7041 5788 4530 9336 4618 1348 4984 7947 7017 6308 
5134 3723 2848 8726 2267 414 8255 5928 8370 2031 5086 8392 5892 6647 3908 9171 852 1386 2564 4596 3051 7011 2363 1058 5710 
3629 1152 8231 3696 8283 6078 2332 2853 7600 290 3925 7630 8174 1481 176 9948 7330 2521 3590 3867 8393 6657 4715 1449 802 
1280 2982 3907 4568 4721 1305 6690 2349 7302 106 1875 419 1762 2391 1773 849 3107 5431 6350 2402 3298 104 7891 8883 6366 
7614 7362 4452 4019 9046 4479 5797 8878 5909 8087 3558 1105 1662 6046 7732 5523 2803 9045 3015 5063 4385 1001 563 2915 3718 
2284 972 4600 8668 5419 1266 9638 7363 439 9654 1600 7061 2741 8517 3250 9558 4419 4471 6887 8720 426 2907 7933 6878 1128 
6325 3044 2828 1983 3515 8877 1476 1217 4616 9666 1262 595 820 609 1851 8428 1516 4130 8763 6573 644 9097 1111 1070 251 
5878 7383 2127 762 6096 7760 2097 6286 3305 301 1395 5926 2545 2001 2465 7750 523 9158 2478 7654 593 480 9569 2583 1753 
217 4903 5440 9030 3057 7744 8209 638 5358 2364 2314 9213 3191 3118 2632 2301 1739 4654 167 5187 2308 7050 4276 4173 4566 
2978 4436 7273 5873 7704 551 8747 4750 9966 6595 1418 7248 2744 5112 3544 1109 5476 7858 6282 9736 2574 6433 2972 5598 2347 
8930 7338 8528 9395 2312 7403 7450 5443 3330 2705 4547 8009 356 9308 6903 9260 1359 585 4245 4056 4378 5166 4707 521 2500 
3605 3321 9596 4825 2292 1523 3548 5002 2033 2984 5403 1211 9010 2600 5247 1385 4969 1553 5931 7575 1688 3099 900 752 407 
7905 4569 2611 1573 2717 1079 3893 8812 6265 4561 6202 2519 1387 2373 2393 7175 7266 4785 9971 6375 2060 6858 4590 6154 9955 
3698 2228 8761 1588 3079 6368 8982 5579 4549 4260 6728 1500 4203 7128 4001 9669 8588 8373 5717 5805 9454 2694 196 3560 4870 
9605 723 9816 8756 6262 3717 5680 4014 6642 6632 1354 3432 1707 4907 3818 9815 9078 7346 4005 4636 9684 5447 9297 4211 3914 
3105 4296 5145 3724 1555 4430 9806 3611 3439 9088 7203 9085 4729 4684 2429 2152 4108 4145 8132 4065 9590 8047 6901 3069 5283 
1819 5441 1612 3016 6439 1309 4864 2826 717 6321 6451 4183 2086 3941 3708 4228 3744 3269 1028 2520 1332 7643 6996 6274 6983 
3626 4674 2967 1905 4553 2421 1074 1370 2665 9162 2550 9156 9321 1258 6075 1035 9944 561 1493 5327 39 3999 6063 3233 3159 
4100 3506 5976 475 6473 715 1253 9229 6840 7530 4325 2871 7316 2139 422 1230 5462 1101 3690 1547 6900 2387 4054 3262 1832 
9283 2186 6626 1463 3074 1591 3874 4291 9975 1971 4810 3587 3093 9592 5022 2980 346 4860 5442 2739 6198 5088 182 6357 4201 
5706 2651 9644 5828 4433 5374 3837 1448 6299 9641 2324 6612 1821 4122 339 7809 2231 4322 6906 3081 7586 1149 458 8496 3943 
1906 7353 3347 7341 6092 9573 2407 3135 6638 2295 7529 5238 2770 2276 3171 4943 4619 1037 8857 8368 3415 793 3216 2311 1285 
5632 9109 237 5569 7415 7941 3378 3222 6343 5815 6022 3049 3567 1940 5039 4881 1691 3884 2962 6129 215 5119 703 9086 873 
2193 1718 848 1946 4051 1931 1220 8825 5731 2245 845 9598 9034 220 5669 9563 4271 3694 23 9607 8056 8979 5732 1343 2808 
882 8252 2970 7344 2749 2051 8721 3809 3463 7412 1706 3112 988 7572 4146 9567 7211 1026 4397 2510 8090 2571 7149 3462 2009 
8201 5366 5284 5917 766 9290 531 2376 9685 19 3465 5121 970 1273 7716 3386 2351 7313 7803 3201 6446 1630 9983 8123 1918 
1637 6087 1959 8419 6263 790 6841 3242 4639 6100 3239 2884 8910 7987 5978 5098 1854 3945 7172 1944 1275 6634 9497 6720 8062 
8989 4229 3812 1855 4882 4923 8754 3231 9773 4847 2047 594 9041 4243 6007 1433 4300 6423 2203 7687 4640 3821 8372 6723 4915 
7665 4606 2654 5198 1171 1196 3846 3799 3025 3711 7974 686 2797 1554 684 4622 5505 9332 588 8413 2873 4631 5038 6225 6995 
5785 3776 9208 1077 1693 135 2468 699 3005 3565 6335 3734 3901 5709 4532 3507 6427 146 1242 68 5160 3872 6002 9996 6817 
9854 250 7548 3997 3068 5257 3482 4905 8389 2298 8859 5414 8815 8664 4026 7473 5024 8391 778 2215 2605 9580 3031 769 8421 
9013 6928 7581 1780 3050 5992 6822 999 2630 5645 8583 9850 5739 8477 3312 6716 3092 888 2492 6665 8228 2237 1988 4016 4908 
1458 1901 4892 9468 4770 2374 3187 6038 141 5052 9866 52 8524 4285 8084 6829 2647 6880 1850 3427 4774 498 4420 1980 1030 
5126 7417 1505 876 6131 3364 637 5206 892 5378 7492 2039 1909 7378 8044 5288 164 7617 9094 4410 8627 2012 6712 286 3002 
6706 5820 6434 7579 626 2164 7335 6577 6243 5519 8300 8295 4165 5172 2942 4493 7736 6313 3190 815 7037 276 2570 5965 5293 
3314 9218 5867 2874 4581 4518 4062 4578 4126 3849 3476 6905 4680 1521 4021 7348 2913 1789 7914 4708 526 1759 2506 1997 6049 
7596 4857 4233 1040 2832 2352 6024 6670 6582 6686 1244 675 258 4786 8007 2396 1511 8383 4261 3834 4733 9074 3714 5084 4522 
9355 3141 2540 3048 5621 5525 3445 9778 6737 9847 2690 8942 3010 7890 712 8025 7156 9574 1170 4505 3480 9564 1604 625 3847 
8058 5376 18 1114 4662 6679 2555 4560 8970 3512 8262 3441 5360 3047 8437 5747 4148 2543 4884 2016 2595 8547 9279 8216 4081 
1225 2946 5568 758 2617 5967 295 1454 842 1345 8439 2558 990 43 2070 7800 5640 126 4489 9879 9662 5326 8579 6989 6567 
5916 5320 3738 5368 5158 1537 7621 7637 4693 2585 3585 8119 9524 2691 9901 6227 3545 3024 149 7698 3531 7911 90 293 5557 
3163 5239 9633 6751 9964 372 4176 5361 4946 2795 5382 6606 4499 5601 2986 779 2682 7776 437 4498 9277 3483 5169 3767 2794 
2861 3661 3564 771 1856 2722 8299 5707 3353 6429 4111 7678 4669 3973 490 3994 5502 178 2700 8866 4747 6012 2162 9489 7597 
9266 1239 8273 6360 3841 7939 6137 5291 3524 557 2243 4713 4697 3904 8410 2199 1606 9104 6631 7255 3591 6132 6812 8493 671 
4580 1714 6437 8091 3460 3766 1610 603 5809 8960 566 1480 2495 8566 4375 7158 1219 6801 4119 5154 5215 1338 4752 7345 8193 
9180 7772 7631 5566 7097 4921 4466 5564 8108 5668 7465 8676 4807 9972 6371 8144 5660 3533 2337 2685 1810 1586 5486 3131 5404 
5304 3700 5804 7559 5455 929 2083 5010 6745 5466 4764 5330 7835 5184 7782 5040 6292 420 6568 4092 4039 2830 3223 3838 5737 
6194 8626 6699 8131 9028 2456 4216 2255 8431 8997 9713 1289 6031 4392 6054 101 3532 9025 2360 3770 4712 1799 3953 7332 6622 
9228 6778 4890 5765 7057 8855 4376 9396 6627 8779 7541 218 189 5531 1786 3309 5111 4818 9755 1578 8540 7389 3195 4714 2663 
5581 2409 2155 4641 9339 7779 4526 7649 4937 6341 2262 3374 6242 6219 4127 114 1206 2007 8402 6168 7929 1836 3658 2445 8415 
9095 9241 5595 4252 8483 6675 471 3954 3078 1649 3370 9211 1033 3284 5865 5537 6491 9941 3022 4887 2167 2471 6540 4660 9110 
949 1708 4417 2042 7928 434 5298 8134 3459 2290 6987 6183 2226 252 7884 6000 2762 6705 656 2463 7582 9688 6483 7622 9127 
2580 6111 608 6053 1594 4788 54 3788 630 5501 2994 592 271 5855 8280 2557 3840 205 2747 9588 2105 9946 9982 20 8712 
5879 3263 2464 2531 7648 6691 6998 4745 9861 3382 3632 2305 6445 2880 5233 7942 4831 1429 8778 6611 3011 4564 2235 7722 365 
616 5089 2059 6794 5460 7486 9819 5180 1423 7387 2777 4024 9451 2238 9406 8079 137 5812 9636 9083 331 8849 3839 2636 7693 
2935 3329 9990 6599 6255 9105 5156 1293 569 9848 1453 6605 3285 2102 2715 4438 6844 4095 2405 1041 7189 3168 6979 2996 3547 
4929 5825 4993 7666 610 6253 2020 7733 3882 3555 4354 9304 2163 742 4386 4374 1003 5913 1913 369 3979 811 2699 7107 2857 
9783 4232 8374 2780 6444 5421 1993 9634 6592 1357 1549 4045 8197 3534 1145 4999 4098 3020 8203 7558 8653 1007 3156 5078 6656 
5636 3557 4753 3505 1364 7013 1263 7208 3860 9101 7028 987 7971 1509 7944 8555 3104 4004 8346 3165 6771 5631 2539 4540 353 
3703 6793 513 6940 4983 6879 731 3672 9849 2424 3885 6929 3129 8339 4238 5886 2309 3986 4968 8293 1045 7620 3065 5806 596 
8450 869 5149 5226 967 5498 461 7215 2254 1248 893 1351 5562 6011 959 4975 1681 8908 8424 3604 738 9623 973 6676 559 
2919 9589 1249 5964 9547 1368 6088 5653 8917 7476 8906 9870 4883 4364 5075 1080 3120 5494 4124 6853 1011 1228 7140 3145 6399 
8458 3320 2561 5635 5335 5393 7972 1952 5851 9248 1775 5480 4465 2658 7143 1602 8429 4370 1388 7113 5596 2395 34 9536 9689 
5217 5317 7284 2837 9232 6020 2544 6408 8963 4995 5686 5094 1392 145 6406 4948 5383 3334 4434 494 2283 423 1646 3014 4400 
8481 2793 3342 3771 4749 2733 8494 7217 8184 9342 5866 5829 5237 5612 7339 5027 3084 1910 4424 7934 952 7778 58 2591 7279 
388 4525 3001 374 1839 660 9132 676 5983 1865 6731 2304 3313 6835 1238 5102 5046 6048 6128 8522 8 4651 9198 6133 3414 
3395 887 3712 8016 5744 8352 3009 3073 5071 9416 1869 4244 8500 7752 4592 5575 4025 3161 5397 6616 3066 4227 8750 6378 5194 
922 7163 6234 6895 4087 3655 2639 9561 9486 2404 4604 7867 5693 1671 278 8580 8361 631 5489 829 1943 5496 3584 3982 4523 
4979 3236 9635 8814 6025 7592 3270 9914 8013 6373 8077 3878 3595 7894 1571 5721 7161 5741 908 4209 3336 1120 134 94 9834 
1715 6065 6945 5533 4000 5359 6364 9063 1296 4607 9803 6490 8240 4288 862 4614 3616 9410 4015 9008 1879 4924 4082 4761 4118 
3258 3877 5205 3444 724 3875 5925 7447 1027 227 4976 8822 4529 3807 4467 4343 186 5255 7206 4583 5981 932 7599 7534 9863 
3356 470 161 580 6849 5042 6496 9436 2470 6892 5902 886 4485 3164 6057 1540 4125 9404 3745 8568 3504 4139 4422 4927 3055 
2392 7265 5428 629 909 7388 3916 7436 8031 2281 4308 8278 5394 9572 6145 4597 6569 5400 4047 3448 9965 3965 6493 5552 6504 
3609 1405 2232 7650 2831 3815 6117 7768 6843 7356 8576 9673 4545 5260 1398 1608 221 4072 1503 4406 980 4454 7918 5682 9781 
9530 6463 6086 5722 8303 4626 6776 211 5950 9808 9707 2241 4514 3500 3226 89 8246 1380 7272 6859 828 3667 2926 344 1186 
668 3563 669 9734 314 8191 4231 8416 940 4958 8766 6032 9550 9652 238 9675 4327 640 2921 4562 6138 5535 803 2751 2681 
453 9529 6789 7204 7429 8672 8687 9275 1168 6114 9520 5029 8459 247 7551 9442 3418 8219 5593 4538 8347 8035 7054 6009 4102 
9493 9343 57 944 9344 6531 8567 4330 2144 525 6090 6944 9235 5208 6881 6749 1948 7463 1962 6438 3581 7371 7176 7656 4184 
670 6295 3388 6507 993 6192 1240 801 8385 6516 9413 678 6635 3484 8133 4147 6949 6960 1323 6615 3827 1658 3716 5870 1443 
6221 553 2169 9169 2356 5995 2862 2956 4455 3032 3929 6875 9810 4656 8208 7985 7053 7089 6925 3293 2635 3520 9695 8103 3906 
5323 2847 8638 3125 8944 7452 2291 8448 9036 8856 4725 700 6175 6654 4223 6363 1102 502 9533 9366 9852 4314 7499 7743 5908 
2477 8302 2810 1496 8793 5196 5561 2732 3295 4196 7679 4936 8266 5449 7321 2004 4779 4845 4155 3985 9767 1782 9655 285 4247 
9393 9280 3266 2100 4313 5573 5538 3972 4208 1680 3261 4487 9920 5599 5053 2742 4140 3530 8012 362 2576 1831 410 4732 2040 
1462 8423 1155 4066 9099 361 491 6684 814 919 2027 2398 5639 9441 5907 787 2910 3648 4782 4823 6702 495 3381 7625 7247 
6275 4941 6581 332 150 3243 9111 5783 7908 2596 1884 7322 3380 6904 7708 1420 2236 3905 4384 9067 7048 589 5553 6629 4658 
3947 9313 9409 9790 191 2302 923 1563 1611 3719 3265 1710 8065 2773 3063 3294 4759 8345 5296 4128 1297 8213 5802 3762 8729 
9744 2577 201 6311 6885 2441 2451 2087 2713 2331 6695 5009 3886 6693 3385 5312 8691 412 4395 516 613 2353 5472 690 5309 
3457 8420 4702 8783 2091 5174 1325 1924 5044 3043 7802 3119 1260 5014 3358 9831 9741 5453 3449 3702 4339 5028 2216 3405 867 
3323 5245 8788 2297 2260 2206 5756 5437 4274 7994 8053 8086 1373 529 503 5445 311 5989 8381 7309 7608 6624 4230 1199 9500 
4635 573 3539 3254 5956 3162 3699 8487 7822 8394 1743 8400 4685 4811 3158 6550 8808 9570 620 2800 2188 4143 291 3062 844 
3278 4671 6787 179 2898 8802 1050 6347 8405 1639 7989 4933 3256 1471 1292 3527 9515 6651 6410 9322 1382 4224 4371 7789 2771 
6512 5253 4284 500 4951 1118 9554 5369 168 5178 706 3526 387 6566 5077 1176 1053 6986 269 7711 9068 9917 4157 721 4889 
8404 8005 7336 6850 6294 9027 4058 8147 6506 2581 4273 6333 5649 2625 11 7727 2041 9928 6505 7926 860 7042 8955 5813 7927 
3813 1302 1399 1758 2892 7591 8946 6338 8795 2673 2867 5856 4736 5871 7384 9535 7130 4672 1592 6580 1870 5066 7074 7236 2891 
3850 9796 664 5840 7699 5041 2949 2796 1183 6197 2974 1409 7741 8699 5807 4377 6252 9555 5584 3318 2390 5750 7683 3859 800 
4930 5183 945 4758 7910 6814 4446 997 4121 1889 3537 5526 6532 7922 5228 4804 5073 8575 5277 4754 5286 719 1814 4154 7627 
3753 5061 507 6758 6209 341 824 481 4904 9150 5672 1919 7774 1806 5499 5675 8220 6779 6180 6662 6510 7751 3981 7900 3599 
8092 6477 7537 7306 3335 4086 1138 7793 3468 8328 2415 3006 7565 4189 2168 321 5456 3494 2594 6763 6663 40 4332 2062 6971 
6981 4783 3036 6947 3287 6724 1888 8719 8099 5541 9893 9091 8398 1073 9306 1125 4048 8249 2716 2877 6534 7016 228 2952 3992 
9257 139 6147 9016 8713 584 6166 5763 7540 1062 8637 1587 2058 6668 6421 2223 5273 9656 3756 5025 9822 9187 4006 5251 5530 
2530 5114 5020 7036 6220 4741 3360 6537 4431 5606 9933 2261 4181 5469 3781 4910 5708 7453 8749 5269 1807 4767 4390 2130 515 
4820 6798 4103 274 3398 2067 297 8830 2981 8110 7735 2321 5387 3910 657 8033 5753 5446 6387 9828 5683 2556 8956 1828 1770 
6936 6351 8964 942 696 3754 1534 6309 8276 6617 9039 3764 5921 3735 84 3915 1444 6043 8969 1320 5745 8903 3848 2061 45 
6126 5050 6076 1377 5200 1269 8222 2129 5398 5261 4172 1224 3095 9293 7210 8329 6021 5563 2242 2657 3148 586 1222 8911 5229 
8651 6281 1998 619 1961 7533 4557 5890 7801 1450 9479 1678 3892 3920 4383 1813 1564 5018 3606 5760 1123 474 6889 8432 9405 
7724 1039 8023 7977 9368 2897 2497 443 2214 2718 386 1257 8888 5127 6545 2937 5969 3183 984 3541 7662 9739 8839 256 5862 
5972 9204 284 1965 6 6073 6428 3097 3932 7093 1515 8996 6033 5781 7953 4401 2036 7441 5203 9246 7131 5487 1441 457 2389 
7755 9577 7231 6838 2664 1957 5990 3752 4275 455 707 2902 6149 9905 7075 1527 5352 1767 6188 1717 8225 9519 6588 3968 7124 
4790 2990 9881 5302 1852 9386 5299 5974 9022 5716 8106 3588 245 1137 8791 6337 5017 5191 1281 3644 3720 2447 4689 5385 4217 
3197 8701 4368 7831 3237 1181 181 2316 203 8559 1000 6797 6358 4349 6746 7725 548 6190 4366 7629 9737 4524 7717 7564 7305 
1872 5132 155 2185 1536 3989 8784 1627 1456 6353 6079 4735 1916 4342 2088 7034 9487 7948 22 2656 5242 478 9792 5511 4362 
4152 8900 5830 8371 8096 6235 8380 4269 7583 9853 7836 7331 2219 1361 9261 4690 9263 8350 6280 7639 6807 4867 6118 6200 2689 
6593 4587 7293 9033 3750 9909 6374 2918 3218 7897 2838 6402 895 4871 3493 7512 5885 7218 1406 1215 534 792 5500 5872 2325 
3056 1375 1404 1198 4310 2280 169 319 2403 2766 6952 4866 830 4074 7179 6176 2668 1362 4594 8038 1428 796 5013 2448 1430 
7739 9089 6348 7893 982 874 5970 5786 985 2017 1139 3469 8828 5416 1389 3792 8740 2670 8953 7334 1094 4204 5287 1276 9185 
6289 7431 3407 5354 3072 4724 7804 9649 9514 6403 3593 6601 8139 5435 991 4940 8658 4519 1991 8965 9800 4280 1926 9230 4899 
2080 4744 6618 9423 4134 6733 8254 5624 2024 1877 1306 2430 1072 9224 5263 6586 7938 5143 8088 6765 6667 1371 910 4556 2181 
5819 1749 2462 2840 7195 2501 1312 7315 9184 364 8338 5011 3933 3535 9511 8586 351 4850 688 6815 266 2218 8838 6543 2904 
3538 1317 3909 1161 5833 3568 8706 1738 3971 597 1284 6562 71 9526 9630 7088 7706 9720 1017 2227 2801 7682 4164 8595 5199 
1967 4444 5351 3802 5733 9491 2399 3709 2126 3746 8890 4601 8787 6594 3208 6990 5685 282 7426 1365 9123 9192 1683 5647 5982 
7090 8504 6249 2707 9380 1031 411 9090 628 5980 5348 6210 1310 9455 3475 5370 1278 6956 2820 9552 3826 947 4158 7312 8397 
9878 3039 2010 1200 4572 8080 8927 5961 2626 4037 5757 1859 2299 1298 7421 9258 3853 9556 8445 8771 9691 6237 7907 9469 1722 
3108 1032 5648 733 5657 8879 6236 2901 1268 9133 6008 496 8998 6520 7270 618 3000 3843 3434 8333 9647 4503 5659 2045 4394 
3481 5123 4153 1992 6215 6450 9943 2895 8321 1911 6124 2048 5658 1391 7566 636 7292 464 8406 463 317 8503 2486 142 2912 
2326 2959 8061 3517 4277 9772 4470 4987 5835 3673 4132 3987 9687 1508 4413 2423 795 7531 6160 3227 144 4414 223 6136 5843 
4320 2648 9696 6515 2115 3018 432 9833 5618 3028 8599 9 1857 2805 8435 2176 6528 6590 1999 9578 3962 2412 8572 8177 6121 
8537 3017 1178 890 3889 2761 9055 2482 2502 6546 9350 6907 8355 5540 7129 7437 2735 6761 9446 3123 4425 9302 9857 5146 1434 
377 7094 6272 3253 4650 5316 6554 9472 7820 6579 3447 1112 2257 9365 3942 6894 1204 213 7482 2666 2765 4748 1455 4501 2858 
451 9102 4149 5068 5216 7661 1548 7324 5719 3034 1874 7660 5628 6714 6923 2511 9278 2266 1093 5901 207 5030 1864 4916 9512 
6802 2143 4221 5107 5918 1747 1769 9907 6868 8430 3948 6772 998 8124 1344 6935 82 7792 9576 7119 1287 832 9496 1237 1363 
1589 7126 487 5888 2696 1067 7241 6271 4787 2816 9506 5543 472 4595 9456 4067 4421 427 8548 9327 1014 839 5481 2079 7120 
9432 6077 5065 8232 1849 6332 9809 1087 4718 5411 2122 6201 4784 4353 4311 9058 1676 9718 4985 1576 53 9499 3630 6196 981 
767 5444 9735 1783 6051 7038 5711 1393 4926 6898 5860 7737 9377 6407 1324 4309 1723 853 3317 5826 5341 9054 5023 2026 1730 
5473 5582 2145 2208 5019 3325 7936 73 174 6918 5346 8765 6909 8105 7065 1376 8251 7856 1374 4075 1484 9062 7758 8739 1811 
3103 4219 2438 5307 2068 8286 6527 2900 2712 5667 1950 9954 6743 3546 2089 2756 1577 1533 4104 8024 3576 5407 8696 9341 1841 
805 2606 1893 254 7988 1083 9461 927 9858 7898 6726 9098 4806 5424 8703 9292 5468 9942 8247 9999 2813 5467 6759 1779 9387 
5406 7781 6740 2339 313 8671 2277 7374 3881 7021 4877 6570 5713 1858 6394 5171 8513 3101 2887 9786 4381 3917 6159 8115 806 
4795 7170 9319 349 75 8226 9134 4632 6318 1829 1530 1776 8981 9807 8646 9165 1187 6396 7954 6067 469 3181 159 8168 2198 
2444 4554 3950 4482 4408 2148 9351 5900 7468 9697 8054 6291 2289 1004 2854 1246 2958 6104 9001 7393 8387 8446 2642 2985 1966 
617 4170 2692 5479 4475 5464 7326 8245 8797 5973 6323 4738 9096 9153 3411 5311 352 8395 5122 8556 3498 2608 267 8011 6398 
8018 9646 8314 6416 3435 9541 216 3277 8598 5551 1963 2366 6426 30 8921 8891 9175 350 2069 8582 1798 2947 1816 4035 8017 
2494 4617 3365 9938 1227 6273 1866 6830 843 6623 4742 9262 3328 3205 1018 8741 6630 3389 2329 8057 4909 2622 4978 6602 4986 
986 8941 337 5527 9061 5210 9746 5993 8803 4337 1494 4964 5883 6806 5427 9723 4346 3366 9904 3817 66 8684 2603 8348 4775 
2116 4876 9335 357 4990 7454 8125 9420 5413 3315 5170 1419 9894 8819 4251 2799 7343 5343 8936 7535 1614 7509 658 1760 8453 
8561 3662 8852 1069 170 6449 4643 7903 5047 4494 6862 1964 7487 113 5115 9194 7511 307 9398 7810 7268 1896 9457 1010 3433 
9490 8597 8353 5588 8146 3814 7274 4264 1845 2418 5968 8142 1938 1900 9320 7902 4901 4988 9038 6142 5787 4239 5514 2759 8037 
9608 5761 7051 5488 3686 3805 641 5754 5148 7840 8533 5952 5507 9450 3978 303 7702 1590 9287 8562 7999 5177 2893 60 5578 
3369 4739 6584 4817 6574 8832 5211 3582 3139 1755 2104 5681 5726 5616 9498 5321 1100 1616 1334 7538 5610 6018 3430 5544 5897 
4078 3379 7691 148 2071 1978 2698 2211 3503 3387 1465 7967 6304 3273 7260 8330 1890 1234 4009 9818 158 3816 3883 683 3390 
7685 5081 8950 992 2313 8436 3681 9740 7184 5912 2361 4982 4816 2256 5705 9868 4659 9443 3974 726 3578 482 8301 8006 8846 
2224 270 7402 2273 5738 1860 5776 382 5810 5409 4801 6006 2755 4623 1660 8536 2789 5602 8642 3417 1785 9421 7645 3951 9042 
6710 8259 4705 6112 3657 5778 1019 3486 556 7033 3450 6521 645 6961 965 1696 9051 9473 3876 8304 8263 4855 5875 7647 9374 
4944 1977 7446 7008 3326 6448 8422 9037 5945 4156 2529 1295 2750 1777 4200 3946 807 9760 4010 1982 1340 4088 3618 5684 4610 
6481 7099 1793 2466 8076 3007 7992 3614 4766 1771 3185 5091 8257 5762 5702 7385 8165 7710 960 7221 7996 5246 9427 492 6539 
7413 4326 6973 8952 7513 4441 4886 7165 6993 8051 1726 7052 6863 9727 9749 1177 2118 8162 8369 7787 6405 7000 6413 7194 754 
2582 173 3060 6455 4409 8753 9862 5337 4972 2528 2721 4194 3442 8340 9113 4967 8987 956 6035 4162 7319 4586 2650 2738 8715 
2598 1942 1784 5590 5962 3895 5133 6839 9317 5256 4980 1223 3645 5465 4989 2619 5135 2014 4893 6284 6250 8985 2623 3612 7718 
7237 7182 1162 3213 7773 2417 4185 171 2112 6927 774 5772 7310 3059 5223 3608 403 9121 3496 938 1502 6671 9056 3425 4637 
2177 4113 8660 5062 751 435 2197 755 333 5308 4236 3466 5891 1804 2002 711 4439 2457 9254 1339 2829 6103 2753 1117 7046 
1091 8072 6232 7357 6382 4880 2814 8238 4093 5941 1499 9244 8322 2383 4888 8243 2720 4773 2400 4925 7553 3458 689 77 8975 
2965 8469 8652 9212 5139 1520 4627 4138 6443 4812 7281 5292 8068 6498 9743 7845 6775 1492 1711 9103 2173 879 532 5559 851 
7214 6365 4483 3198 8326 8098 8205 568 9775 745 1360 2821 9004 750 25 3757 9199 633 7713 5176 4435 9154 3189 4508 4539 
8356 1713 9011 4548 6871 775 1899 2108 621 7401 5627 5458 2839 7813 2138 9376 2517 5045 6471 2422 655 5012 7007 1316 6514 
2327 3279 7470 2371 3668 6193 3831 9243 9557 299 786 7232 5069 7681 7494 6258 6753 3984 5007 6735 1546 8973 2869 488 704 
405 9465 5571 9801 9167 9245 9492 483 7084 5051 1809 1558 8915 1221 232 9838 466 6604 9189 4116 2370 3247 8717 3194 9334 
62 6773 2652 1427 7405 5016 9970 7846 9400 6941 6239 1818 8176 6317 7329 5097 2372 8010 2987 9356 8501 8248 3397 611 4254 
3337 8042 1036 2344 7843 9136 7819 2469 6791 7392 7957 5613 294 3406 2671 9795 6094 8665 3852 261 2680 3419 9650 8978 2889 
3088 6818 4163 4653 3554 4077 8135 8738 1029 2924 2565 202 1189 4803 4642 6277 7695 5373 7605 4043 7136 8089 5109 3976 2527 
2522 9664 5752 1209 3180 5103 2388 587 8607 7746 5508 9249 8736 5661 6803 2416 5949 5438 3354 6934 7495 8625 7333 6707 1013 
7200 4096 3130 8425 2710 9176 520 8885 5930 3842 8535 3241 1904 5510 6982 8447 7562 3749 6246 7769 3038 5882 1009 7202 2587 
1065 6845 3528 2551 8798 3375 9534 9305 3147 497 418 9595 9217 2285 4473 6689 2293 8520 1822 5580 7528 7342 5101 7287 7137 
446 9312 8925 7191 8021 8507 2196 3918 5896 8609 2240 3255 5766 5884 756 7783 8785 6359 8773 9885 6004 4469 6181 9476 2938 
5727 2687 1020 7862 9614 289 9747 2369 8514 3301 3835 544 1631 4615 8363 6890 7169 436 5008 6436 1824 6264 8943 7895 5384 
1124 4344 4188 9250 6854 7224 518 8977 3461 4202 5734 7125 825 4258 5861 4186 2737 2217 1613 5954 479 5362 7110 6475 522 
5808 2676 2049 4768 8319 812 6300 5167 6661 8538 7561 7407 3157 9932 9516 957 5274 8279 7151 8591 6397 3100 9066 4428 1960 
6620 5390 3620 5850 7307 6926 5703 2491 7728 219 324 8850 8505 6933 5796 9135 8408 6420 239 2553 4727 7227 4177 1472 2554 
3124 2426 6902 7949 1579 7823 8313 1470 7770 7049 8148 5349 7121 6658 7438 6713 3245 92 7672 1078 4912 6625 9814 85 7228 
8693 7671 3357 4193 7865 7786 9210 2015 4187 4858 2620 2046 3891 2533 3851 280 6307 6703 5328 4029 3778 9887 1598 4415 2916 
236 4263 855 6290 5232 7340 9032 9470 3774 6381 5422 8816 3617 1887 8102 1208 1464 9882 5548 765 9544 3271 7726 9661 8141 
1076 8282 6084 7044 9631 5701 4711 7425 384 9908 7798 2200 7719 4008 5794 7076 4778 1729 5858 1617 4123 5003 8113 2018 6938 
6143 576 5611 7264 8643 2499 8618 9269 7715 6233 2868 9788 5608 5758 5142 7880 7937 5289 4448 9291 3721 9485 46 2875 1656 
6967 3513 7308 2028 2074 6571 9952 7961 9712 1113 4922 6186 2845 7818 6238 7892 1457 4333 2548 8608 2643 6177 5987 8924 7027 
2357 2367 4023 8593 5545 9916 8198 3346 2809 9222 9571 9789 7618 78 305 8709 8085 7448 7560 760 4511 2659 6790 2394 7001 
7886 9931 7443 7229 6946 8868 1949 9206 5313 1861 8892 9829 1182 3193 409 7604 7615 7869 1936 2022 7881 5338 8865 7219 6739 
1764 590 8003 5254 3291 428 8834 649 2408 6283 2865 2475 1366 325 7993 3182 5057 3021 8824 4661 7584 9240 4076 153 9639 
9988 4034 1619 9225 2158 8364 6564 5718 7278 3510 9997 8510 2003 969 4535 3742 3627 6727 1843 3340 8239 7940 9733 2264 6465 
9191 6888 4315 565 6324 8268 6536 9546 248 5266 8792 4355 7577 9311 7101 7379 406 3098 4107 2823 7958 9915 8277 781 7205 
6390 9495 757 5977 8728 1437 7186 2922 413 7283 7444 8479 2627 5790 2205 4646 8526 3855 7135 5093 6461 9475 2401 1341 7767 
7634 3659 1084 302 17 677 5528 3958 9390 6240 3332 5560 7790 6560 9483 3896 697 6479 8546 2953 3238 9216 4633 5049 8214 
9394 6652 1247 8486 4513 746 7668 8603 783 1068 8951 8748 204 3076 9005 2536 7633 8558 7524 5933 2516 2589 8847 4115 8922 
1665 9532 8882 6380 326 5271 9517 9460 9259 3784 3669 6855 1446 5651 15 1052 2945 2662 5671 6123 8443 5634 5880 4347 3085 
4509 7029 550 3410 2660 2411 3200 3431 9435 4673 8619 9155 2134 4059 8195 6285 1495 8519 2592 8872 5565 5534 816 5625 7549 
3368 6050 5372 3144 3204 8081 9379 3178 8835 4667 2476 3232 8073 7807 6315 6388 1565 8070 1929 1202 7680 3474 233 6752 8895 
9871 2109 5332 9337 3276 5574 5350 6468 7863 6535 6792 7252 5617 9424 5547 6930 1994 7012 9024 4109 6917 7675 5692 7496 5365 
1968 4970 2307 9785 8499 9092 6377 6130 4367 698 1871 9358 2640 8539 1892 93 1778 3553 5221 547 1022 4220 4613 720 5015 
7832 8111 8178 8166 5165 5186 6842 9429 6069 3089 5153 7546 2322 3041 5704 8199 8636 3350 4052 4168 3440 9147 6957 9190 3075 
5513 4316 2941 9328 355 804 4977 5689 4046 3045 7081 2064 4772 3035 5490 4307 7841 2752 4956 2863 8020 1921 9663 6370 7122 
8864 3196 7015 6068 2572 8836 6799 6206 3257 5164 1192 6447 8032 1570 1797 9120 506 7796 2154 4805 6650 508 162 4205 6783 
1664 3873 5695 9081 9798 600 953 4226 1301 7059 1574 9331 8840 7086 9715 943 4169 1254 6034 6977 9227 8690 729 8100 3798 
8904 4341 9843 8648 4053 4683 6869 3797 8156 2963 329 5347 1930 8901 5848 7721 272 61 7068 7196 7433 5637 9242 3491 7545 
9408 8810 4197 1692 7230 4896 9711 7968 6432 4960 615 5948 567 5230 8843 2708 1082 1469 9587 3249 8270 7860 961 4737 7077 
9521 2183 6583 5314 2674 8957 3343 7570 8563 8495 859 9674 6218 2081 7853 7373 7317 2272 5048 3704 7085 5105 1640 2320 2638 
4268 3424 9622 9044 1812 4992 7848 9603 1288 8612 445 9719 2354 8984 8136 4531 3970 3988 41 281 2602 9949 9170 3677 3087 
1147 7102 8060 4255 6501 2355 6619 1131 4393 107 7045 9859 3556 6513 1410 2019 9824 7906 1560 7223 6411 4249 5536 5666 6741 
3967 5130 3359 7039 6487 4091 300 9107 2474 5300 679 8002 7285 5079 5743 7157 3768 7594 9612 7267 7026 9411 9708 7775 2951 
6721 3647 2746 6254 6217 6195 2025 978 6044 7212 8075 8842 1467 6155 7304 3292 2397 5729 4726 6158 1048 7364 6648 8659 1666 
2140 7669 6091 8518 3869 5751 108 6039 9474 9627 1867 6184 8465 6331 473 6303 7092 4603 2275 7003 3090 9820 2110 1235 5929 
1218 3209 1144 7118 1358 5324 255 6525 315 2975 647 5459 4057 3713 459 5736 2882 7641 5388 499 9899 7420 1506 2099 8758 
4649 5919 2151 80 9181 8744 6230 7234 1541 3660 3008 4839 163 5622 3803 3602 3154 4918 8574 7676 6833 4294 652 2359 8230 
4456 7611 1411 4460 7731 6462 5303 5083 2769 1557 6754 2593 9585 2029 486 4396 2633 3220 3825 465 9247 6994 833 4167 2023 
5340 1535 7571 9538 1090 8154 7478 2484 9019 5222 7240 4474 6800 3995 7640 6637 659 2566 5784 7396 6643 5290 3061 230 1327 
2106 6171 979 1277 2473 6431 1568 9363 9986 8543 8305 8777 9329 7871 5633 1603 1425 5996 2562 1241 3224 1336 1056 112 8349 
7079 9220 966 8867 6639 1501 438 8745 208 6173 9860 1129 5847 1356 821 49 7707 7554 264 1647 7207 7320 6774 9072 6059 
1912 5234 5953 3297 4160 6734 6921 4625 8853 7847 5076 5278 734 5524 8800 8844 6098 555 9702 7423 467 7154 9073 246 9771 
1256 4270 2101 7852 1507 7197 3729 7619 1979 447 4295 5425 3186 6836 6719 732 8727 4272 5033 7784 7291 8529 1668 2526 5638 
2054 3288 79 7510 5583 8069 8571 4528 8854 2575 558 2728 9440 1096 3692 8064 3289 4055 6082 2899 6884 3615 6943 3930 4213 
9873 8292 1180 6476 7603 2726 6334 1172 8782 8966 3649 9310 3384 6809 7817 1438 6344 9835 9285 1025 7481 2268 7635 5520 8705 
2514 995 7466 7986 6256 1415 761 6644 6305 7555 1837 7589 7290 9453 9173 1270 3912 5306 9565 3402 8640 7851 373 3143 2613 
6109 5452 9221 1848 8441 8159 3244 7018 4061 6614 6417 1675 4769 9620 6559 2977 606 8335 7585 7461 334 5801 4298 1732 6948 
6287 448 2950 8237 2125 8104 9378 3643 7642 9276 1907 312 3495 7297 4965 1981 4797 50 2964 7578 2532 7490 8066 5451 1939 
8164 7762 5064 1135 3623 7147 872 4141 5035 8508 2335 9330 2006 1800 7376 1498 905 2179 8036 6251 5117 2072 3969 8163 7720 
2095 9349 4306 9813 3636 6700 2881 4403 6873 9821 1607 4199 2021 4030 6055 5899 8799 1333 9252 8029 6729 69 5241 5811 9065 
8427 2931 323 6780 4334 7912 3268 3586 3316 8155 2123 4286 6167 7602 9797 3685 8179 4506 1690 4844 6939 2328 7997 6472 1815 
4287 8129 1335 2851 6915 7973 7644 8633 1876 6755 5188 6187 8992 6621 2775 1575 4089 2365 764 4389 2917 7598 8811 8662 9201 
26 951 9353 7005 7395 7694 8442 6851 8030 8804 3136 3111 8312 9414 9271 896 7873 2683 5662 7192 6975 9048 572 5405 8158 
1103 8285 4559 2221 837 6354 8462 5911 9505 9842 3514 2030 7132 2697 7063 4598 7580 1885 4195 2317 5275 8700 7104 6867 8641 
2128 6557 1440 9053 1308 1724 1986 2113 3446 8650 2703 7930 4329 2103 3854 122 2588 1195 4879 7613 6687 2586 3206 7759 835 
7397 8187 5959 5550 1164 5155 7875 63 2906 6832 9183 1432 6278 977 6013 6541 2791 9648 5696 635 4180 1582 546 5310 1110 
6589 3980 632 6422 7427 2107 8682 6146 9177 666 1210 9324 8386 8317 7636 928 9444 8661 9314 7866 8026 501 665 930 1937 
8752 1140 9076 7991 2701 7066 1585 4068 1737 4340 7263 6484 8848 5415 8332 974 6339 6518 7359 3911 4350 2410 4080 4664 9704 
4755 7815 3794 8971 4826 3490 3409 4830 4131 2542 8869 9679 88 391 5113 4331 8994 1023 5108 6010 8737 7518 9640 9936 4963 
6786 5021 2599 7945 8616 4491 4751 7139 4885 9774 4003 5331 4388 5207 5845 8378 728 6172 1008 8221 5518 8875 5152 4305 6681 
1400 5771 7440 5202 3173 6969 2220 47 2896 9426 950 7235 3341 5654 6777 3331 5694 9294 9626 776 3728 7014 316 7834 9730 
4293 1984 9002 6756 7246 5137 1307 6517 7963 1628 1817 2614 2253 5224 1002 9370 7808 3665 7377 9540 5923 1159 8907 450 3203 
9594 7483 2872 2957 6963 602 6441 5799 5988 8794 2748 3927 768 6914 5603 856 9770 6228 3436 4555 3470 3731 2505 8818 3543 
693 8874 6384 4848 9507 3928 7521 7833 9751 9122 5032 8935 7864 4259 3133 3174 4612 763 2812 5803 8647 2133 2303 177 3471 
8097 865 9902 3619 6970 9974 3833 4551 9391 1146 5864 2760 2968 8357 2961 5607 2455 72 8876 7753 4136 6958 5408 5439 6379 
8120 8841 4318 5410 536 1973 38 4011 5691 5769 1122 7870 4868 4120 7488 5491 3654 8870 7859 8669 4179 2908 24 7024 8512 
3959 121 9869 3286 4928 5854 7451 5220 4781 9579 5249 6911 9667 4013 4382 160 5698 6846 7467 4290 6920 6685 5609 9865 6872 
3212 6140 3676 5937 8663 8604 9289 5318 3235 784 1698 6718 934 8569 6108 3601 9757 1556 5118 76 749 7959 21 7740 3710 
6174 7659 9794 7358 8686 9114 5450 7609 3443 4648 6919 3772 124 9628 8008 3172 7888 8161 4319 7123 8412 4336 4418 1544 2523 
3160 8224 1878 5542 4998 5214 1188 4299 7153 7408 7271 5620 8309 2434 5355 1397 7607 5991 504 5724 5058 8769 2165 1653 4589 
9731 9553 9166 3900 7517 8502 5125 858 8308 8770 6466 2044 8379 2745 2767 744 6913 7146 9910 2160 7298 6085 1734 9255 1634 
5182 1160 538 433 5749 4647 5315 5381 2259 791 7689 6310 7391 7646 2192 5474 7430 542 2579 8617 2333 3622 3199 2936 3561 
2667 9692 8265 2229 275 6609 9738 1752 1272 5817 9543 2488 1403 6760 5715 2449 5522 9976 7573 8287 9462 5643 2743 2740 2381 
5558 6628 5319 7257 2927 6120 7117 7249 9890 7058 1657 7601 7904 2850 9017 8893 8976 8544 6306 7480 6870 5417 8833 3422 4599 
1088 9645 3029 9721 9384 6503 3004 8679 2954 2569 2225 2460 968 6047 8918 7112 3400 1092 4012 4957 3033 642 8261 96 9112 
4405 6064 7327 9084 8236 7445 9958 3732 8902 3961 5546 7428 4694 9897 3845 6072 3607 4222 6222 9223 8109 6340 3412 4852 31 
3117 3775 7424 8898 3642 4945 1803 7004 6769 8116 8489 9124 2098 654 8926 3438 3550 7138 1414 9282 8207 7325 3856 8545 9817 
864 8776 8968 6738 3522 7523 535 5509 3795 2050 2032 685 7976 8624 8041 5099 4902 8577 9006 3635 3613 6660 7489 9157 2849 
6538 3408 3898 9023 8689 975 7502 1518 2481 8861 2615 3497 8045 3426 9152 7288 3730 7105 9029 327 9874 6744 8298 7837 2172 
1057 4050 2631 3151 7742 971 9973 8919 4352 9542 598 3868 8318 8456 8019 1695 5600 7455 7688 4521 2768 309 5426 753 417 
3116 7765 7519 5904 6089 2207 7527 6608 6519 1667 9805 6678 1987 4542 6248 6093 4582 770 7275 2117 8724 3646 4090 4099 9961 
6400 4476 8807 577 7380 2864 172 7825 3634 1367 36 7166 2489 128 2315 7612 5742 4763 7253 7828 2914 1245 7500 9452 485 
4584 9670 7899 9551 8999 5161 7766 9763 7134 7060 3780 2781 2135 3071 2661 646 2604 1477 7703 4760 8153 8190 8498 9117 4427 
4832 3403 5898 99 4060 4338 917 8052 4837 1792 8934 9233 392 8490 6467 7276 2084 8980 9930 2549 4591 9000 8172 7730 4846 
512 7382 3030 3310 7821 8685 3688 7738 7814 9619 5140 8683 5395 6266 6555 2846 3109 9880 834 612 8639 8204 1282 1116 6988 
5074 777 8823 8768 7245 3664 3671 8475 1479 7220 3228 2930 6857 9298 2437 5265 9748 3518 1319 6045 231 4836 6452 1655 8554 
5072 6488 5124 4166 6883 4450 7785 5827 8143 5975 3777 4391 3229 9761 8150 335 8886 8837 9836 2420 6486 7805 8995 718 7193 
3652 2180 8564 2563 3863 2034 2507 782 9281 5342 9079 3327 2233 358 4621 9447 3082 1489 3221 2513 6877 8905 5793 1486 415 
939 4791 5004 9830 3674 4412 4504 225 840 2076 8401 7978 2419 1735 336 8334 4704 8630 8468 4502 8667 5936 8655 7155 2346 
5457 6561 4451 3899 8731 2204 9683 6293 8460 6682 653 7289 8274 5998 6694 8947 3740 8048 8034 4372 1882 8697 3596 8585 6804 
4546 9345 1119 6865 868 7159 5679 9756 7998 4696 7734 8813 5800 3701 2597 6709 7148 1061 9802 1313 9205 1970 3858 5821 3351 
8183 614 6669 8114 5225 9325 9780 8506 2928 8656 8122 7458 6028 1179 3913 574 1659 3741 2194 2345 6144 5730 2843 3640 6081 
9668 288 7352 3811 7667 4159 1490 8751 3467 1927 3760 5779 4723 3083 9995 4657 5824 4459 3695 5934 4210 1474 7664 2939 4588 
2894 3479 7082 8914 8272 9300 5179 541 1165 8611 9762 298 5759 4079 199 379 643 9980 9898 5371 2446 2655 9412 933 4281 
7916 8375 8590 1641 3267 9716 4262 3737 2693 3122 7432 7876 836 4843 7709 7243 1620 8933 328 9188 7347 6122 3542 8344 6074 
2669 338 9962 7909 241 5243 9700 279 125 3964 4380 7526 4358 9273 2035 8694 9382 6715 9926 7576 2161 6636 7844 2386 132 
3149 9987 5495 904 8294 9864 7484 6346 6547 2515 1413 3761 661 705 5120 9093 9694 4602 1231 8702 5626 822 8004 524 6392 
9139 4041 1633 5589 9787 9359 7100 9080 2646 4962 6672 681 2159 1252 4796 579 3983 187 5831 6328 4069 8786 5748 6156 7849 
4357 3455 9236 8939 7795 6482 8948 370 1974 9791 9126 9616 798 871 8628 8043 9179 9299 4289 5144 6831 7877 6080 8358 8260 
7568 8851 9531 8188 2340 4824 9518 1468 2294 1925 489 7686 7372 7917 2995 1654 8388 3489 894 277 8523 6412 449 4356 110 
320 1580 5592 9195 8587 7019 8362 3275 8894 9064 9615 9714 9082 6966 3919 1719 1903 9745 4472 7830 268 794 6204 3413 6430 
133 366 306 9075 663 4953 7673 4411 5782 4717 6102 4279 6508 5470 9215 2866 1581 9566 672 9764 6795 3921 2278 5240 8107 
4875 6071 9752 9883 6954 5725 7493 5104 4178 8735 3363 2774 6784 27 5201 7301 4994 421 9163 9837 6393 709 6544 7970 9840 
6207 70 330 4997 925 3451 5887 193 9502 8202 9399 6367 1044 8059 9947 702 7262 3739 9419 8152 2905 6276 2146 5841 3789 
7477 9660 6376 9560 7797 7868 948 1381 8594 4135 1038 3134 6424 2790 3019 8557 5677 1151 402 9593 7043 7032 1823 5999 4740 
6692 5670 8860 6641 5036 393 1106 3571 7073 9439 408 841 3715 3067 3013 8509 476 1917 4856 9381 4496 9844 6912 7697 8516 
9467 5379 9106 7995 3230 1605 3684 7850 8704 9889 1436 185 8913 4851 4699 3282 7745 9119 5386 4497 1908 2247 4931 5301 3283 
8181 5436 2645 2175 6259 3416 2201 3806 8871 2496 9087 8723 8993 5673 8920 9754 9945 5262 3234 9993 1621 5556 1156 3996 9168 
4212 9049 4793 7133 7935 1337 7556 1383 6633 528 1820 6530 581 7962 6062 3246 5420 818 1712 8325 1742 743 2382 5054 4959 
2378 4266 9219 3338 5764 2073 4765 4101 8635 5493 2807 2618 505 4706 8128 4700 2000 3492 5576 875 8845 5605 7434 226 5129 
5842 4084 2943 2925 3887 549 9665 8485 861 6245 7390 6524 6163 2538 100 5218 360 8602 9653 1727 8722 4516 1618 8200 9659 
1895 1355 1350 1173 5924 996 9959 2287 243 6099 2330 8244 7471 2610 1497 7370 6037 510 3589 7114 8426 9839 4283 6962 2187 
7632 7071 8307 5554 8359 3759 1426 5687 1751 7550 8264 8275 304 5594 2940 345 6185 2433 6861 6805 2798 9548 5629 6369 2485 
2757 4859 3179 4541 4042 6260 2709 4027 9562 6435 9193 7449 129 7233 3477 7651 6964 3478 1452 6356 9678 8772 9503 9295 6454 
9488 2878 8210 3993 9779 605 4345 5276 347 7174 9303 7623 9348 8615 5521 562 7180 2879 1442 1466 4150 5106 4792 9160 5699 
7729 931 8351 2428 8974 3957 3637 4644 8169 6113 6999 3824 2184 6526 9296 1115 5492 722 2568 7087 7368 8180 4301 8620 1378 
7009 9458 4267 9430 4044 5231 5994 4215 8759 8482 3372 1561 4335 9402 2706 8809 194 6302 3956 9145 2490 3890 6027 6747 4579 
8988 2504 3399 5059 6298 127 817 6847 1552 8532 8242 4703 1794 9362 9903 9992 902 8657 1567 8781 920 5663 850 14 9750 
1475 7883 4292 1928 8474 1763 937 7185 7920 8478 6319 955 3689 140 9253 385 4840 6673 7547 3727 7889 5585 7574 9131 2973 
8157 399 7913 3525 456 7816 2729 7261 1958 1478 9827 1791 7497 4895 3508 1670 2534 1488 1286 3751 1460 378 5168 2037 9301 
5151 3631 6549 9686 7504 3922 7588 7311 5555 6216 9504 1529 963 4480 2754 4094 1648 5723 3559 3210 989 8760 4780 6991 3680 
35 1768 3324 2435 8297 7552 7590 3361 5270 3748 8472 7990 9318 8884 8743 6511 8078 1394 6150 1746 9782 9040 9793 9891 4033 
1744 9977 4369 5935 1006 7096 4404 2189 4678 8160 7010 9043 7827 3949 9178 2111 8218 98 4032 8001 4605 3155 3303 6464 5857 
1216 340 2546 1651 5619 9100 2988 130 6882 8962 308 6097 3308 9203 4225 3150 5334 8250 6824 1531 7414 4190 6856 8767 7606 
4071 7375 3166 6170 2815 533 6314 253 3577 1512 2282 8452 7522 6597 3822 4949 838 708 3628 9625 9047 898 9690 4996 9528 
5282 4722 1636 165 389 3998 4942 6052 7921 1840 3394 8805 8288 2174 6587 8710 1947 1251 8929 8336 710 9369 7190 2090 4265 
847 5244 8654 4757 6189 1880 9239 5258 3516 4819 7955 2724 6866 3113 1894 8212 916 9597 175 184 5294 9197 2137 4897 4218 
6336 8629 9164 3274 1805 477 883 9927 8399 810 5085 6229 5939 8967 2856 6785 2077 4862 1372 539 7351 7244 8734 8457 8623 
3348 3641 2 2567 8434 2147 9021 4192 8677 3938 6316 6931 527 8600 6279 6105 6362 5147 4206 8863 4638 6852 5399 5305 7839 
8698 8289 2825 9307 4534 7723 9823 136 5250 6886 5795 7280 5478 7187 9128 8171 6598 9804 2453 4814 6725 7951 1132 3536 4630 
570 8606 8605 4575 5623 4829 2384 3562 3832 3808 4853 3675 9256 2053 1951 6161 1271 6191 1108 4730 7469 6056 5402 1099 3610 
7503 8233 6553 3091 5946 7328 4898 2584 3940 5615 7337 7700 7923 1451 4246 115 1226 2677 2764 380 9732 7569 1318 3138 5822 
3521 8986 7456 5630 4512 152 8360 1491 9309 9606 9471 6040 2212 5281 1104 964 7318 4629 9621 1097 9288 8267 8411 3870 8206 
3472 8621 2271 7406 5454 7115 8790 914 9428 2300 2055 1015 5412 3429 430 5517 8541 1705 7162 9143 5471 6523 5966 13 1863 
3420 6386 8945 8140 6066 2319 2005 2348 7251 2811 3304 6834 7072 6558 4324 8027 7213 4891 9333 9841 7980 682 7459 6241 1412 
1886 198 2310 9026 2833 8327 5333 5922 1684 1049 8194 6976 1597 725 4802 3573 4900 7472 2195 8138 1808 4679 2452 6330 5944 
3217 9501 8551 8473 9482 6320 2971 4919 7106 772 1435 1021 9149 5150 2279 4235 3779 8862 7516 5567 2609 6041 2454 1328 4971 
260 3192 6495 3456 1626 7932 4085 1652 6017 9012 6005 2479 3639 2244 5080 3697 1445 4794 5951 9403 7520 5572 3423 6095 5067 
6355 9918 2121 5881 2616 1559 6404 9375 4363 5005 3396 8991 2342 1384 183 866 1645 3844 6955 7225 1408 3551 6415 9657 4490 
3857 2368 2057 5836 109 7475 6001 7826 2989 9015 5985 2166 2834 4608 1081 1347 5767 8589 7532 6864 7103 8189 6401 4174 6342 
1674 5910 9706 5432 460 3307 9812 2498 3736 3765 9682 7199 51 4573 6497 8527 6409 8827 3804 7901 1232 3128 5259 514 3939 
9354 3319 6385 6014 3487 583 4447 7181 808 4360 9671 6312 4492 9758 4789 1638 6502 7525 8229 9698 9851 9425 5549 6645 8550 
2436 6908 4728 8337 3272 8923 6016 9108 8511 1844 5798 3188 7761 4031 9906 16 9642 1615 3464 2119 1153 3299 5401 3064 9895 
9347 7070 7964 7238 9207 5175 3552 9007 5356 7300 9832 8094 511 716 1644 2450 7714 5652 8746 3796 6717 3 9877 7409 3280 
6819 2578 6003 9234 3377 424 7164 1969 4442 9984 6116 3653 4533 12 3012 1543 6860 9388 727 4304 3302 7749 9115 2776 7 
9265 6910 4443 2782 5539 4429 9604 1694 1781 7416 8417 1825 1933 2318 6148 9437 2011 2082 3569 5986 8858 3726 8631 9940 9251 
7299 1914 740 6736 2085 2784 8455 1720 4842 2779 6322 2976 8821 736 6509 2286 3683 3344 2508 9494 2983 5894 5267 8972 4652 
3393 6470 8578 6708 6261 9617 9681 5895 5430 9717 2075 946 3880 2890 1802 773 6489 3864 5279 3127 9937 9138 897 6395 7109 
5791 1902 5363 3152 1716 1290 6023 6828 4463 9484 8897 6591 889 2063 1593 395 735 5903 4935 8130 7567 1525 1063 48 1447 
1881 5943 7692 9523 9765 6141 7479 3355 7979 6469 9422 5838 2263 4129 5893 9784 4720 4828 8497 8613 827 6139 9385 3575 4040 
6522 5227 5777 5877 7610 3115 1154 891 9352 4515 9768 4537 7144 484 2157 7705 911 4445 9480 737 1294 1932 680 8733 5070 
4495 6036 4665 3570 2425 9913 6458 5159 8789 2679 899 9118 4719 9513 607 9643 9466 4611 8570 244 5642 5173 2052 3624 9159 
7657 601 5740 9726 4917 4458 3142 5339 1331 1169 8377 131 5979 8732 7095 441 9270 6603 8217 1868 2493 7485 4237 8271 6329 
1975 797 1485 9364 9911 530 9326 4462 404 884 9825 6419 3437 7653 6810 1315 8118 2178 4585 1349 7349 5037 9766 1709 4687 
1522 7286 1329 2601 5056 29 190 9599 8241 695 9651 376 3583 9568 8937 5461 2997 0 1167 9116 6029 7677 9059 4798 747 
5110 7226 3371 7542 4709 2439 8488 8316 9950 604 9340 4359 7842 4676 7173 1624 4507 7394 3787 7006 2377 3373 9464 5280 7498 
3991 4461 6440 7411 1915 6762 2920 4351 401 4520 397 3823 5423 5984 383 42 918 1736 4666 6326 7410 7367 33 7178 2222 
249 7514 8192 9935 2621 9991 4063 9939 6585 6153 5396 667 6820 7277 7462 7381 9267 3800 4488 1748 2056 8716 5515 8471 102 
1834 1955 1369 8342 9125 3322 1416 5849 8284 7624 8324 425 1510 694 5889 9602 9539 6978 5197 5193 6610 6182 3214 151 394 
7323 564 1517 9978 6152 6874 8196 2841 9963 7296 1519 86 1672 4688 3955 4241 6876 2730 5463 7152 6750 2234 9968 1136 7638 
7160 59 6837 7515 5236 1016 2269 242 1012 9611 8093 390 6674 8780 4552 9876 8376 6494 2379 9699 1891 7557 396 2265 8095 
7404 5770 6030 2948 1213 5141 1596 7361 7400 1740 4323 6677 3897 4947 7002 6042 9856 4036 8592 5336 8451 9477 5947 9924 4478 
4007 2131 3345 7593 4743 6813 1121 2170 123 4175 1569 6551 5655 2719 519 2149 1601 4799 1042 5092 2066 6659 9527 273 1941 
9418 6425 2806 4303 9884 6781 3529 9989 9071 9613 7747 8366 4574 2096 9323 8725 1191 6649 7457 9148 1421 7198 4083 6244 7350 
6223 9226 5095 1461 9417 7878 1699 1539 6974 7171 8409 1482 3170 197 1551 8323 9508 9401 1407 6730 5190 7418 9445 4746 3633 
9925 4878 813 9018 9459 1953 885 3733 6985 6922 6107 9367 7080 3566 4668 4437 3184 5516 1190 863 2860 6162 4691 1609 7965 
3903 7690 6529 4407 8126 6101 903 1236 5484 5367 3070 1142 5844 6563 2932 3801 8185 7960 3225 9509 2274 262 8670 6414 9545 
5755 342 2573 6768 1682 5940 7882 9896 639 4 5915 6808 3383 2559 575 3679 1233 3963 4171 2629 1194 9174 6015 2607 2258 
8954 1396 2969 9274 2124 4440 9448 7501 687 4453 2202 881 6119 2734 368 1923 9286 3121 2944 6349 5591 8796 1424 6267 1060 
7508 8341 8112 8801 8466 8560 4544 4913 4822 9231 3682 1996 9776 6968 4563 7628 7142 1827 2535 6372 8046 8101 1562 5832 5325 
2819 1995 789 7145 9676 6766 9582 4133 2432 9703 9510 7539 5868 2763 906 3743 240 2723 8384 692 983 9389 7950 3052 7943 
7047 1687 2191 7543 9559 5792 9137 28 6548 9729 599 4932 5690 1731 6127 8476 2406 4468 1265 1584 6796 6169 367 9584 3509 
8281 1632 83 7879 5285 3211 7806 9209 4914 7366 147 265 2590 9057 2467 3597 318 6711 9693 2802 4863 8022 4017 662 5746 
9431 7946 2094 2612 44 1034 9912 8711 9407 6782 6992 3540 9586 2358 6459 4991 1212 452 7168 8049 6698 5380 3215 8311 1259 
4402 8764 7670 6212 3042 9031 5000 4527 5448 7422 9601 143 1330 1701 6732 6722 6165 3240 6456 6764 5816 739 7108 6891 3871 
8552 540 8454 9463 4426 5219 4449 2431 8940 2725 4387 9077 6607 8708 8958 3260 4861 9161 622 343 3722 5391 4214 7256 1055 
9892 8028 9960 6205 7748 2483 6770 1757 701 2714 1846 192 8310 55 5697 9967 5295 1504 1595 5874 1126 6106 7083 105 2142 
5728 4282 8449 7757 6226 4570 7857 1459 2375 7091 65 5712 9886 8887 674 1203 7861 3923 9629 9600 4906 2727 7896 907 4808 
3023 5570 3362 7874 8149 6213 545 2675 2817 1431 5482 3594 3040 74 8565 111 7069 5859 2246 3600 2695 7925 8649 4677 5958 
1201 1163 3054 651 2827 2678 4835 103 120 4234 2541 56 4379 2503 9658 4097 5055 4934 234 9060 3153 296 4500 8675 3638 
5 9728 6951 287 7303 691 359 6827 1642 8291 5389 3137 2487 3678 9130 6680 4105 9129 454 730 8414 6247 7369 6026 4373 
2684 9923 5789 648 5375 8678 924 2911 2992 2702 9637 3421 3865 6345 8407 6231 4484 7216 6270 5604 5837 6613 8775 9951 6980 
6418 1954 3621 6542 571 1321 229 9921 3747 3862 5963 442 8082 5272 7684 8959 6666 5485 1721 5818 1214 8873 9701 7563 3960 
2552 7435 4827 7167 8211 6164 6972 6984 9867 650 7314 3926 2966 741 9142 4865 921 1401 5189 2210 8390 8438 8215 4939 8596 
8137 3758 9268 8614 3132 9981 6572 2458 4022 4701 2560 7258 6151 7360 1473 3810 6696 4966 2132 7696 2778 8367 3511 915 7981 
206 4248 5665 2512 7282 9710 2209 8542 4464 9144 4253 9610 5235 809 8610 6748 3705 8515 2296 1353 6826 8774 8039 5090 3146 
7464 6811 166 7764 3454 2903 1193 5529 8831 3096 8071 8235 2637 5906 1059 3879 7658 7491 400 2824 8584 2414 3836 8151 5185 
3281 7098 3106 3126 2883 5322 8718 4297 5676 8742 37 3952 2885 210 5195 6060 7763 3931 9284 6701 6061 4191 8938 9919 2038 
6664 4809 8145 823 6480 1095 9956 624 2537 1702 5512 2628 6916 8444 3502 9433 9315 9549 6767 1005 64 8634 7031 2855 5814 
7030 9182 97 3311 2993 4114 9360 3110 1750 9753 7439 6478 5674 5128 5775 3924 5646 1956 7915 1089 2786 4110 4938 2440 8015 
2524 9934 3175 2343 4481 7239 8817 4873 7209 6899 2288 2093 2213 7626 8121 2443 8674 2362 9672 2758 3264 7250 8464 6788 9357 
6578 4655 4682 6199 7956 9632 1085 3656 901 6823 1314 8365 1883 7354 1133 2644 3773 3819 4961 9373 1686 6297 788 5034 6296 
1703 4049 3488 5997 9392 9478 4510 9069 1175 4565 8040 1043 5914 5504 5096 6646 3944 7799 8820 3259 1483 9238 8014 3769 